1739971020527 132.92862445262017 0
1739971020583 121.4401055916354 1
1739971020636 98.07417944591725 2
1739971020690 91.79949203644897 3
1739971020744 66.53286924999905 4
1739971020796 53.391783384985935 5
1739971020847 45.34552068384353 6
1739971020898 40.4783548255158 7
1739971020951 32.02623704748908 8
1739971021005 29.332409876559016 9
1739971021058 23.2628428976886 10
1739971021111 24.266005440349396 11
1739971021162 17.94882536119896 12
1739971021214 14.090532892662615 13
1739971021266 10.658419632173867 14
1739971021317 8.389428012591802 15
1739971021375 13.357964238624291 16
1739971021429 7.38373008529646 17
1739971021505 5.304873612605545 18
1739971021560 6.0578035639924925 19
1739971021612 5.593077862683783 20
1739971021673 5.249531370280018 21
1739971021729 2.1282632131813273 22
1739971021780 3.8540819992348334 23
1739971021834 2.624164397641086 24
1739971021888 1.9680999761152127 25
1739971021942 1.6296784380966858 26
1739971021995 5.172826065860499 27
1739971022045 1.1478185782841608 28
1739971022121 2.591453672833479 29
1739971022176 1.017266866029884 30
1739971022228 0.6809194155442906 31
1739971022279 1.6210865868200468 32
1739971022331 0.8932995506192618 33
1739971022384 0.618008066031227 34
1739971022437 0.11129714107352069 35
1739971022492 0.5185990501941441 36
1739971022544 0.24365378158116047 37
1739971022594 0.033969095741884434 38
1739971022649 0.34500324419884043 39
1739971022701 0.03780818231092751 40
1739971022755 0.07721664454321396 41
1739971022808 0.12928662810147235 42
1739971022861 0.31489798120691087 43
1739971022913 0.15161980538570027 44
1739971022966 0.09333688570758869 45
1739971023016 0.0008721152353448745 46
1739971023067 0.11802817428647717 47
1739971023122 0.007661282122979978 48
1739971023174 0.00034462449098418666 49
1739971023229 0.06441771879524809 50
1739971023280 0.12372782644534182 51
1739971023334 0.0017070292175780574 52
1739971023389 0.0663251754447132 53
1739971023441 0.10199028667749144 54
1739971023493 0.0254683300055036 55
1739971023544 0.5605740010636173 56
1739971023596 0.014252990815911174 57
1739971023647 0.31821346576063325 58
1739971023701 0.123026307088999 59
1739971023756 0.0299635112097763 60
1739971023810 0.0023055326738831853 61
1739971023861 0.3845517990791587 62
1739971023916 0.0013627876389856635 63
1739971023968 0.08225077659718114 64
1739971024021 0.11386297047130342 65
1739971024075 0.07085514099816652 66
1739971024126 0.03289118598895286 67
1739971024177 0.0002477958739156889 68
1739971024227 0.013193412682830823 69
1739971024278 0.11576565931877984 70
1739971024331 0.02819666601799609 71
1739971024382 0.03589725069070874 72
1739971024432 0.10627034986816969 73
1739971024482 0.008585380939444638 74
1739971024532 0.3612016399607862 75
1739971024585 0.15290319007200798 76
1739971024639 0.01970604871896306 77
1739971024691 0.06584554767415933 78
1739971024743 0.05425819686478112 79
1739971024793 0.034242582655778446 80
1739971024845 0.1827542193721271 81
1739971024897 0.1496965355895811 82
1739971024948 0.006305579929875711 83
1739971024999 0.00020534278677869337 84
1739971025049 3.186747025781329e-05 85
1739971025099 0.4881108543212338 86
1739971025149 0.017465515956346978 87
1739971025201 0.00759042396754925 88
1739971025252 0.024157181479770303 89
1739971025304 0.27612844645791645 90
1739971025356 0.16235616287590954 91
1739971025409 0.03129486902046976 92
1739971025460 0.01428911321001485 93
1739971025510 0.0011472866355744522 94
1739971025561 0.0008208668471773027 95
1739971025611 0.295408732878005 96
1739971025661 0.0013561761267538164 97
1739971025712 0.005101087380674925 98
1739971025765 0.02956870298504098 99
1739971025816 0.07188335462820691 100
1739971025866 0.03470804463413846 101
1739971025916 0.1983272370109597 102
1739971025967 0.2572183627342678 103
1739971026017 0.3877562324414831 104
1739971026069 0.001450375862842378 105
1739971026122 0.13412050097744904 106
1739971026174 0.49812553550658334 107
1739971026226 0.049214787893336165 108
1739971026276 0.022730854731939625 109
1739971026326 0.04490019782585077 110
1739971026377 0.005756771049447467 111
1739971026429 0.018328693375186902 112
