1739971031200 119.45451185311978 0
1739971031253 116.81545684794536 1
1739971031305 107.76815188726891 2
1739971031358 78.15499903278936 3
1739971031411 50.93167907863906 4
1739971031464 64.66598391890129 5
1739971031515 73.61191195754101 6
1739971031567 44.91432456614652 7
1739971031618 24.21061644303005 8
1739971031670 17.509957879437298 9
1739971031722 28.526509713704392 10
1739971031774 20.791428386508603 11
1739971031825 15.337340970208633 12
1739971031873 18.348333994118804 13
1739971031920 14.143088469657535 14
1739971031967 14.369043949193392 15
1739971032019 8.858847321618406 16
1739971032072 11.169991098313407 17
1739971032124 9.189824739011172 18
1739971032175 8.881657482979291 19
1739971032227 2.5461334762530803 20
1739971032278 3.8740604718483898 21
1739971032331 3.620498993068349 22
1739971032383 1.098046274746935 23
1739971032438 0.5885439182313849 24
1739971032491 0.08746120996090849 25
1739971032543 0.676477469307615 26
1739971032593 1.2916106073348448 27
1739971032645 2.384863457554968 28
1739971032698 2.5958378147616292 29
1739971032748 0.459688094917129 30
1739971032798 1.7415908711273609 31
1739971032848 0.6681753287310526 32
1739971032899 0.2893644412519683 33
1739971032950 0.682734941467262 34
1739971033001 0.0038133554358497123 35
1739971033052 0.18618658393519125 36
1739971033105 0.1940874012038639 37
1739971033157 0.0032546321736456173 38
1739971033208 0.24501628559130229 39
1739971033260 0.042903041917561384 40
1739971033310 0.005048453337835517 41
1739971033360 0.12440489900208107 42
1739971033410 0.027198179310582847 43
1739971033461 0.08543766857779198 44
1739971033511 0.00091658473930754 45
1739971033563 0.0664716839015474 46
1739971033614 0.048160530197379495 47
1739971033665 0.0012496646300747143 48
1739971033737 0.0106997241458742 49
1739971033791 0.01772237761079451 50
1739971033843 0.00012694223731362435 51
1739971033895 0.02233022180505372 52
1739971033946 0.0013403866796483932 53
1739971033998 0.20328742842819308 54
1739971034048 0.02879051354891381 55
1739971034100 0.003728212946550258 56
1739971034150 0.024808833740190134 57
1739971034201 0.10417964251291172 58
1739971034251 4.6324317162862934e-05 59
1739971034304 0.02974554359734132 60
1739971034356 0.045349818827331356 61
1739971034409 0.020395606816372362 62
1739971034460 0.09423990584718128 63
1739971034510 0.13126817615618197 64
1739971034561 0.036744520828355394 65
1739971034612 0.08005240159194169 66
1739971034665 0.09365205137833746 67
1739971034717 0.0030790041351085947 68
1739971034769 0.002125968193874702 69
1739971034822 0.09825998186879284 70
1739971034874 0.09881727462479377 71
1739971034926 0.01806067462566758 72
1739971034977 0.04227684063554188 73
1739971035028 0.4951133997667394 74
1739971035080 0.009628445010855718 75
1739971035127 0.2553865311073592 76
1739971035173 0.006835246804495491 77
1739971035221 0.055687400418559976 78
1739971035268 0.0008397960603372621 79
1739971035320 3.499774432480606e-05 80
1739971035373 0.01141153220321528 81
1739971035426 0.007641488875389045 82
1739971035477 1.1373983717913179 83
1739971035528 0.09086875968038602 84
1739971035580 0.012142517203482287 85
1739971035632 0.0008167934245382936 86
1739971035682 0.0027596135767565776 87
1739971035732 0.07187373663086055 88
1739971035784 0.00996276451933912 89
1739971035834 0.019266097763109613 90
1739971035886 0.4104085452728412 91
1739971035939 0.009169991825695936 92
1739971035991 0.06517611102524866 93
1739971036043 0.03437582000282125 94
1739971036094 0.034495413652871024 95
1739971036143 0.0014800037751848984 96
1739971036194 0.0003694604734218188 97
1739971036247 0.0018709930312117416 98
1739971036298 0.10509070739253168 99
1739971036348 0.029198721897158015 100
1739971036398 0.02189889029213122 101
1739971036449 0.23201641244146798 102
1739971036500 0.32193162758861726 103
1739971036550 0.02789431143685185 104
1739971036601 0.209793624601314 105
