1739971026519 129.60150869619656 0
1739971026573 144.0811754818719 1
1739971026625 85.41222819020703 2
1739971026676 76.00852330444808 3
1739971026728 63.07238141310131 4
1739971026782 57.10436744190034 5
1739971026833 52.41279782591176 6
1739971026881 46.273070921480276 7
1739971026929 40.947348731104086 8
1739971026979 32.07734524815169 9
1739971027028 27.126993213324155 10
1739971027080 19.073352041475232 11
1739971027131 11.114136826397374 12
1739971027182 19.03792446446465 13
1739971027233 15.67837640474513 14
1739971027284 5.84322484690972 15
1739971027335 9.497520877181666 16
1739971027389 5.92613249113041 17
1739971027441 3.9292350422130355 18
1739971027492 5.102090938900623 19
1739971027543 2.6070987952176994 20
1739971027594 3.4395062830153207 21
1739971027644 5.2559149552558395 22
1739971027695 3.007918416085852 23
1739971027750 3.681858386114316 24
1739971027824 3.093550123275789 25
1739971027876 2.453768219765943 26
1739971027927 0.5978282901763449 27
1739971027978 0.5462727001828038 28
1739971028031 0.8580569469711639 29
1739971028082 0.12448348893160742 30
1739971028133 0.2517964060375557 31
1739971028184 0.8547037402682375 32
1739971028237 0.7314606356682763 33
1739971028289 0.3824625789800683 34
1739971028342 0.3713506571085225 35
1739971028392 0.051658629733156006 36
1739971028444 0.1282731098691471 37
1739971028495 0.19187376626563232 38
1739971028547 0.2896156103467553 39
1739971028599 0.14492356355883812 40
1739971028650 0.20774778963270524 41
1739971028702 0.15133563985735712 42
1739971028755 1.8942819216484406e-05 43
1739971028807 0.2051537304772298 44
1739971028859 0.02435483510260256 45
1739971028911 0.02057790140074039 46
1739971028961 0.12062515404190939 47
1739971029011 0.1777849312327405 48
1739971029061 0.10213915877191292 49
1739971029113 0.45571129554384143 50
1739971029162 0.11064960612271067 51
1739971029214 0.1882964726403325 52
1739971029266 0.00012052274009758331 53
1739971029317 1.0500716085336453e-07 54
1739971029369 0.011607632881261909 55
1739971029421 0.004557342194755993 56
1739971029473 0.004323544567629997 57
1739971029525 0.35646855423782076 58
1739971029576 0.03234806187848044 59
1739971029626 0.0016933547476410075 60
1739971029677 0.04641747572841198 61
1739971029728 0.039890998162937175 62
1739971029778 0.17161695842490213 63
1739971029830 0.07611388367547166 64
1739971029881 0.07996118573930588 65
1739971029932 3.499424982124626e-05 66
1739971029984 0.032110819292332476 67
1739971030035 0.10142121074831034 68
1739971030086 0.04425648050751798 69
1739971030139 0.7578173099305191 70
1739971030191 0.017734028658424637 71
1739971030242 0.003665652411397897 72
1739971030293 0.1618258937298501 73
1739971030344 0.705134127766266 74
1739971030396 0.0009751166390887052 75
1739971030447 0.0375008399327811 76
1739971030499 0.19163059438850702 77
1739971030550 0.003648133371475429 78
1739971030602 0.016739562722029772 79
1739971030654 0.0005032429733825033 80
1739971030707 0.3620258719344633 81
1739971030759 0.042918712286084626 82
1739971030810 0.04021883174927609 83
1739971030860 0.04909227438151474 84
1739971030911 0.02481118360213306 85
1739971030962 0.03726544582338833 86
1739971031014 0.19522456943831576 87
1739971031066 0.0030456900832849403 88
1739971031116 0.15507378383417428 89
